{
    "obj_name": "cow",
    "n_view": 20,
    "view_train": [
        0,
        1,
        2,
        4,
        5,
        6,
        8,
        9,
        10,
        12,
        13,
        14,
        16,
        17,
        18
    ],
    "view_test": [
        3,
        7,
        11,
        15,
        19
    ],
    "K": [
        [
            3772.077392578125,
            0.0,
            199.875
        ],
        [
            0.0,
            3759.00537109375,
            219.875
        ],
        [
            0.0,
            0.0,
            1.0
        ]
    ],
    "pose_c2w": [
        [
            [
                -0.009980265982449055,
                -0.45307302474975586,
                0.8914170861244202,
                31.808889389038086
            ],
            [
                0.9998568892478943,
                0.007656790781766176,
                0.015085812658071518,
                0.5543034076690674
            ],
            [
                -0.013660444878041744,
                0.8914405107498169,
                0.45293158292770386,
                15.977395057678223
            ],
            [
                0.0,
                0.0,
                0.0,
                1.0
            ]
        ],
        [
            [
                -0.2889767289161682,
                -0.4366462826728821,
                0.851958155632019,
                30.387245178222656
            ],
            [
                0.9572486281394958,
                -0.11976367235183716,
                0.2633085250854492,
                9.454087257385254
            ],
            [
                -0.012939243577420712,
                0.8916258215904236,
                0.45258817076683044,
                15.959563255310059
            ],
            [
                0.0,
                0.0,
                0.0,
                1.0
            ]
        ],
        [
            [
                -0.5758749842643738,
                -0.3762974143028259,
                0.7257885336875916,
                25.872737884521484
            ],
            [
                0.8174493312835693,
                -0.2519800364971161,
                0.5179597735404968,
                18.589296340942383
            ],
            [
                -0.012022932060062885,
                0.891575276851654,
                0.452712744474411,
                15.967004776000977
            ],
            [
                0.0,
                0.0,
                0.0,
                1.0
            ]
        ],
        [
            [
                -0.8100901246070862,
                -0.2747359275817871,
                0.5179515480995178,
                18.441301345825195
            ],
            [
                0.5861809253692627,
                -0.3613165020942688,
                0.7251498103141785,
                26.04648208618164
            ],
            [
                -0.012080134823918343,
                0.8910502195358276,
                0.4537438750267029,
                16.019655227661133
            ],
            [
                0.0,
                0.0,
                0.0,
                1.0
            ]
        ],
        [
            [
                -0.9541848301887512,
                -0.1466144621372223,
                0.26083630323410034,
                9.224651336669922
            ],
            [
                0.29895058274269104,
                -0.430298775434494,
                0.8517463207244873,
                30.626140594482422
            ],
            [
                -0.012640860863029957,
                0.8907003998756409,
                0.454414963722229,
                16.061004638671875
            ],
            [
                0.0,
                0.0,
                0.0,
                1.0
            ]
        ],
        [
            [
                -0.999903678894043,
                -0.013453648425638676,
                -0.0033935424871742725,
                -0.26838526129722595
            ],
            [
                0.0030896614771336317,
                -0.4543600380420685,
                0.8908124566078186,
                32.05848693847656
            ],
            [
                -0.013526742346584797,
                0.8907164931297302,
                0.45435792207717896,
                16.071578979492188
            ],
            [
                0.0,
                0.0,
                0.0,
                1.0
            ]
        ],
        [
            [
                -0.9476981163024902,
                0.13230977952480316,
                -0.2904523015022278,
                -10.59323787689209
            ],
            [
                -0.31883493065834045,
                -0.4340265989303589,
                0.842594563961029,
                30.336467742919922
            ],
            [
                -0.01458046305924654,
                0.8911313414573669,
                0.45351138710975647,
                16.044200897216797
            ],
            [
                0.0,
                0.0,
                0.0,
                1.0
            ]
        ],
        [
            [
                -0.7889814376831055,
                0.2671052813529968,
                -0.5533197522163391,
                -20.041196823120117
            ],
            [
                -0.6142305731773376,
                -0.3650742173194885,
                0.6996014714241028,
                25.188222885131836
            ],
            [
                -0.015135726891458035,
                0.8918383121490479,
                0.45210084319114685,
                15.985525131225586
            ],
            [
                0.0,
                0.0,
                0.0,
                1.0
            ]
        ],
        [
            [
                -0.5592364072799683,
                0.36680302023887634,
                -0.7434445023536682,
                -26.861299514770508
            ],
            [
                -0.8288732171058655,
                -0.26358383893966675,
                0.4934495687484741,
                17.769168853759766
            ],
            [
                -0.014961103908717632,
                0.8921765685081482,
                0.45143911242485046,
                15.949743270874023
            ],
            [
                0.0,
                0.0,
                0.0,
                1.0
            ]
        ],
        [
            [
                -0.26132020354270935,
                0.43153154850006104,
                -0.8634187579154968,
                -31.15361213684082
            ],
            [
                -0.9651442766189575,
                -0.1301879584789276,
                0.22704064846038818,
                8.196629524230957
            ],
            [
                -0.014431393705308437,
                0.8926542401313782,
                0.4505113363265991,
                15.903629302978516
            ],
            [
                0.0,
                0.0,
                0.0,
                1.0
            ]
        ],
        [
            [
                -0.0127267362549901,
                0.44965407252311707,
                -0.8931124210357666,
                -32.20653533935547
            ],
            [
                -0.9998276233673096,
                -0.017795369029045105,
                0.005288321524858475,
                0.23795545101165771
            ],
            [
                -0.013515499420464039,
                0.8930255174636841,
                0.4498026967048645,
                15.86921501159668
            ],
            [
                0.0,
                0.0,
                0.0,
                1.0
            ]
        ],
        [
            [
                0.2866460978984833,
                0.4337339401245117,
                -0.8542301654815674,
                -30.80501937866211
            ],
            [
                -0.9579600095748901,
                0.1184953898191452,
                -0.26128798723220825,
                -9.3217191696167
            ],
            [
                -0.012107159942388535,
                0.8932154178619385,
                0.4494657814502716,
                15.850790023803711
            ],
            [
                0.0,
                0.0,
                0.0,
                1.0
            ]
        ],
        [
            [
                0.5812656879425049,
                0.3713872730731964,
                -0.7240174412727356,
                -26.142961502075195
            ],
            [
                -0.8136427402496338,
                0.2535059154033661,
                -0.5231825709342957,
                -18.716835021972656
            ],
            [
                -0.010760643519461155,
                0.8931999206542969,
                0.44953104853630066,
                15.85477066040039
            ],
            [
                0.0,
                0.0,
                0.0,
                1.0
            ]
        ],
        [
            [
                0.8044143915176392,
                0.2744026184082031,
                -0.5268974900245667,
                -19.090240478515625
            ],
            [
                -0.5939929485321045,
                0.35736551880836487,
                -0.7207374572753906,
                -25.82259750366211
            ],
            [
                -0.009477264247834682,
                0.8927447199821472,
                0.45046359300613403,
                15.89991283416748
            ],
            [
                0.0,
                0.0,
                0.0,
                1.0
            ]
        ],
        [
            [
                0.9432621598243713,
                0.1578703671693802,
                -0.2921190559864044,
                -10.677469253540039
            ],
            [
                -0.33192339539527893,
                0.4240954518318176,
                -0.842597246170044,
                -30.22968101501465
            ],
            [
                -0.009134749881923199,
                0.8917510509490967,
                0.45243409276008606,
                15.987043380737305
            ],
            [
                0.0,
                0.0,
                0.0,
                1.0
            ]
        ],
        [
            [
                0.9999173283576965,
                0.012500349432229996,
                -0.003015774767845869,
                -0.2931443750858307
            ],
            [
                -0.008364791050553322,
                0.45416316390037537,
                -0.8908796310424805,
                -31.998838424682617
            ],
            [
                -0.009766562841832638,
                0.8908308744430542,
                0.4542302191257477,
                16.067699432373047
            ],
            [
                0.0,
                0.0,
                0.0,
                1.0
            ]
        ],
        [
            [
                0.9601138234138489,
                -0.11786127090454102,
                0.25355473160743713,
                8.934870719909668
            ],
            [
                0.2793969511985779,
                0.4397435784339905,
                -0.8535590171813965,
                -30.6698055267334
            ],
            [
                -0.010897617787122726,
                0.8903562426567078,
                0.45513391494750977,
                16.104957580566406
            ],
            [
                0.0,
                0.0,
                0.0,
                1.0
            ]
        ],
        [
            [
                0.8350605964660645,
                -0.24117258191108704,
                0.49447962641716003,
                17.59633445739746
            ],
            [
                0.5500167012214661,
                0.3863411247730255,
                -0.7404206991195679,
                -26.597976684570312
            ],
            [
                -0.012468640692532063,
                0.8902676105499268,
                0.4552667438983917,
                16.104684829711914
            ],
            [
                0.0,
                0.0,
                0.0,
                1.0
            ]
        ],
        [
            [
                0.6308638453483582,
                -0.34543195366859436,
                0.6947576403617859,
                24.779170989990234
            ],
            [
                0.7757741808891296,
                0.29653143882751465,
                -0.5569950342178345,
                -19.99069595336914
            ],
            [
                -0.013613426126539707,
                0.8903627395629883,
                0.45504841208457947,
                16.082366943359375
            ],
            [
                0.0,
                0.0,
                0.0,
                1.0
            ]
        ],
        [
            [
                0.32942110300064087,
                -0.42471933364868164,
                0.8432642817497253,
                30.089763641357422
            ],
            [
                0.9440797567367554,
                0.16137968003749847,
                -0.28752386569976807,
                -10.303951263427734
            ],
            [
                -0.013968833722174168,
                0.8908255100250244,
                0.45413050055503845,
                16.032306671142578
            ],
            [
                0.0,
                0.0,
                0.0,
                1.0
            ]
        ]
    ],
    "light_is_same": true,
    "light_direction": [
        [
            -0.060600001364946365,
            -0.44839999079704285,
            0.8917999863624573
        ],
        [
            -0.05939999967813492,
            -0.33739998936653137,
            0.9394999742507935
        ],
        [
            -0.057100001722574234,
            -0.21230000257492065,
            0.9754999876022339
        ],
        [
            -0.053599998354911804,
            -0.07800000160932541,
            0.9955000281333923
        ],
        [
            -0.04919999837875366,
            0.05869999900460243,
            0.9970999956130981
        ],
        [
            -0.04399999976158142,
            0.19020000100135803,
            0.9807999730110168
        ],
        [
            -0.03840000182390213,
            0.31049999594688416,
            0.9498000144958496
        ],
        [
            -0.03280000016093254,
            0.41609999537467957,
            0.9086999893188477
        ],
        [
            -0.18449999392032623,
            -0.4399000108242035,
            0.8788999915122986
        ],
        [
            -0.18870000541210175,
            -0.3294999897480011,
            0.9251000285148621
        ],
        [
            -0.19020000100135803,
            -0.20550000667572021,
            0.9599999785423279
        ],
        [
            -0.18850000202655792,
            -0.07270000129938126,
            0.9793999791145325
        ],
        [
            -0.18330000340938568,
            0.062300000339746475,
            0.9811000227928162
        ],
        [
            -0.17499999701976776,
            0.19220000505447388,
            0.9656000137329102
        ],
        [
            -0.16449999809265137,
            0.31130000948905945,
            0.9359999895095825
        ],
        [
            -0.1527000069618225,
            0.41600000858306885,
            0.896399974822998
        ],
        [
            -0.30140000581741333,
            -0.4250999987125397,
            0.8535000085830688
        ],
        [
            -0.3102000057697296,
            -0.3165999948978424,
            0.896399974822998
        ],
        [
            -0.3149000108242035,
            -0.19550000131130219,
            0.9287999868392944
        ],
        [
            -0.31450000405311584,
            -0.06639999896287918,
            0.9469000101089478
        ],
        [
            -0.30880001187324524,
            0.06469999998807907,
            0.9488999843597412
        ],
        [
            -0.29809999465942383,
            0.19099999964237213,
            0.9351999759674072
        ],
        [
            -0.28360000252723694,
            0.30730000138282776,
            0.9083999991416931
        ],
        [
            -0.26669999957084656,
            0.41019999980926514,
            0.8720999956130981
        ],
        [
            -0.40709999203681946,
            -0.40560001134872437,
            0.8184000253677368
        ],
        [
            -0.41920000314712524,
            -0.30000001192092896,
            0.8568999767303467
        ],
        [
            -0.4262000024318695,
            -0.18330000340938568,
            0.8859000205993652
        ],
        [
            -0.4268999993801117,
            -0.05950000137090683,
            0.9023000001907349
        ],
        [
            -0.42089998722076416,
            0.06589999794960022,
            0.904699981212616
        ],
        [
            -0.40860000252723694,
            0.18719999492168427,
            0.8932999968528748
        ],
        [
            -0.391400009393692,
            0.2994000017642975,
            0.8701000213623047
        ],
        [
            -0.3707999885082245,
            0.39959999918937683,
            0.8384000062942505
        ],
        [
            -0.49959999322891235,
            -0.3831999897956848,
            0.7768999934196472
        ],
        [
            -0.5135999917984009,
            -0.28130000829696655,
            0.8105999827384949
        ],
        [
            -0.5218999981880188,
            -0.16990000009536743,
            0.8359000086784363
        ],
        [
            -0.5232999920845032,
            -0.05249999836087227,
            0.850600004196167
        ],
        [
            -0.5171999931335449,
            0.06620000302791595,
            0.8532999753952026
        ],
        [
            -0.5042999982833862,
            0.18140000104904175,
            0.8442999720573425
        ],
        [
            -0.48559999465942383,
            0.28870001435279846,
            0.8251000046730042
        ],
        [
            -0.4629000127315521,
            0.3855000138282776,
            0.7982000112533569
        ],
        [
            -0.578499972820282,
            -0.35929998755455017,
            0.732200026512146
        ],
        [
            -0.5932999849319458,
            -0.26190000772476196,
            0.7612000107765198
        ],
        [
            -0.6019999980926514,
            -0.15629999339580536,
            0.7829999923706055
        ],
        [
            -0.6036999821662903,
            -0.04569999873638153,
            0.7958999872207642
        ],
        [
            -0.5978000164031982,
            0.06589999794960022,
            0.7989000082015991
        ],
        [
            -0.5849000215530396,
            0.17440000176429749,
            0.7922000288963318
        ],
        [
            -0.5659000277519226,
            0.27639999985694885,
            0.7767999768257141
        ],
        [
            -0.5424000024795532,
            0.3691999912261963,
            0.7545999884605408
        ],
        [
            0.05220000073313713,
            -0.43869999051094055,
            0.8970999717712402
        ],
        [
            0.052000001072883606,
            -0.3314000070095062,
            0.9420999884605408
        ],
        [
            0.051100000739097595,
            -0.20999999344348907,
            0.9764000177383423
        ],
        [
            0.04919999837875366,
            -0.0786999985575676,
            0.9957000017166138
        ],
        [
            0.04639999940991402,
            0.056299999356269836,
            0.9973000288009644
        ],
        [
            0.04280000180006027,
            0.18780000507831573,
            0.9812999963760376
        ],
        [
            0.03869999945163727,
            0.3095000088214874,
            0.9501000046730042
        ],
        [
            0.03440000116825104,
            0.4172999858856201,
            0.9081000089645386
        ],
        [
            0.1729000061750412,
            -0.4318000078201294,
            0.885200023651123
        ],
        [
            0.17839999496936798,
            -0.32510000467300415,
            0.9286999702453613
        ],
        [
            0.18160000443458557,
            -0.20479999482631683,
            0.9617999792098999
        ],
        [
            0.18199999630451202,
            -0.07490000128746033,
            0.980400025844574
        ],
        [
            0.17919999361038208,
            0.05849999934434891,
            0.9821000099182129
        ],
        [
            0.17329999804496765,
            0.188400000333786,
            0.96670001745224
        ],
        [
            0.164900004863739,
            0.30880001187324524,
            0.9366999864578247
        ],
        [
            0.1550000011920929,
            0.415800005197525,
            0.8962000012397766
        ],
        [
            0.287200003862381,
            -0.41909998655319214,
            0.861299991607666
        ],
        [
            0.29739999771118164,
            -0.3140999972820282,
            0.9016000032424927
        ],
        [
            0.3041999936103821,
            -0.1965000033378601,
            0.9320999979972839
        ],
        [
            0.30640000104904175,
            -0.07010000199079514,
            0.9492999911308289
        ],
        [
            0.303600013256073,
            0.05950000137090683,
            0.9509000182151794
        ],
        [
            0.29589998722076416,
            0.1859000027179718,
            0.9369999766349792
        ],
        [
            0.2840999960899353,
            0.3034999966621399,
            0.909500002861023
        ],
        [
            0.2694000005722046,
            0.40849998593330383,
            0.8720999956130981
        ],
        [
            0.3912000060081482,
            -0.4018999934196472,
            0.8278999924659729
        ],
        [
            0.4047999978065491,
            -0.2996000051498413,
            0.8639000058174133
        ],
        [
            0.4140999913215637,
            -0.1859000027179718,
            0.890999972820282
        ],
        [
            0.41769999265670776,
            -0.06449999660253525,
            0.9063000082969666
        ],
        [
            0.41499999165534973,
            0.05959999933838844,
            0.9078999757766724
        ],
        [
            0.40610000491142273,
            0.1808999925851822,
            0.895799994468689
        ],
        [
            0.3917999863624573,
            0.29440000653266907,
            0.8716999888420105
        ],
        [
            0.37380000948905945,
            0.39649999141693115,
            0.8385000228881836
        ],
        [
            0.4828000068664551,
            -0.3817000091075897,
            0.7882000207901001
        ],
        [
            0.4984999895095825,
            -0.28279998898506165,
            0.8195000290870667
        ],
        [
            0.5091999769210815,
            -0.17409999668598175,
            0.8428999781608582
        ],
        [
            0.5135999917984009,
            -0.05869999900460243,
            0.8560000061988831
        ],
        [
            0.5109999775886536,
            0.05900000035762787,
            0.8575999736785889
        ],
        [
            0.5015000104904175,
            0.17419999837875366,
            0.8474000096321106
        ],
        [
            0.4860000014305115,
            0.2825999855995178,
            0.8270000219345093
        ],
        [
            0.4659999907016754,
            0.38109999895095825,
            0.7985000014305115
        ],
        [
            0.5615000128746033,
            -0.35989999771118164,
            0.7451000213623047
        ],
        [
            0.5781000256538391,
            -0.26499998569488525,
            0.7717999815940857
        ],
        [
            0.5892999768257141,
            -0.16169999539852142,
            0.7914999723434448
        ],
        [
            0.5940999984741211,
            -0.05290000140666962,
            0.8026999831199646
        ],
        [
            0.5916000008583069,
            0.05779999867081642,
            0.8041999936103821
        ],
        [
            0.5820000171661377,
            0.1665000021457672,
            0.7960000038146973
        ],
        [
            0.5662000179290771,
            0.2694000005722046,
            0.7789999842643738
        ],
        [
            0.5454999804496765,
            0.3637999892234802,
            0.7549999952316284
        ]
    ],
    "gt_normal_world": false,
    "imhw": [
        400,
        400
    ],
    "light_intensity": [
        [
            1.2747999429702759,
            1.5585999488830566,
            2.1005001068115234
        ],
        [
            1.444700002670288,
            1.7676000595092773,
            2.4131999015808105
        ],
        [
            1.5325000286102295,
            1.8897000551223755,
            2.5260000228881836
        ],
        [
            1.7371000051498413,
            2.1477999687194824,
            2.643899917602539
        ],
        [
            1.7026000022888184,
            2.117500066757202,
            2.8296000957489014
        ],
        [
            1.5472999811172485,
            1.916200041770935,
            2.6837000846862793
        ],
        [
            1.3767999410629272,
            1.688099980354309,
            2.2857000827789307
        ],
        [
            1.198699951171875,
            1.4651000499725342,
            1.955299973487854
        ],
        [
            1.229099988937378,
            1.4970999956130981,
            2.0137999057769775
        ],
        [
            1.4388999938964844,
            1.7569999694824219,
            2.3635001182556152
        ],
        [
            1.5410000085830688,
            1.8875999450683594,
            2.555500030517578
        ],
        [
            1.5927000045776367,
            1.9707000255584717,
            2.690200090408325
        ],
        [
            1.3456000089645386,
            1.6629999876022339,
            2.341599941253662
        ],
        [
            1.281599998474121,
            1.5765999555587769,
            2.1702001094818115
        ],
        [
            1.1198999881744385,
            1.3729000091552734,
            1.885200023651123
        ],
        [
            0.9812999963760376,
            1.1979000568389893,
            1.6196000576019287
        ],
        [
            1.01010000705719,
            1.2335000038146973,
            1.6476999521255493
        ],
        [
            1.095900058746338,
            1.3395999670028687,
            1.791200041770935
        ],
        [
            1.1881999969482422,
            1.4524999856948853,
            1.9782999753952026
        ],
        [
            1.2502000331878662,
            1.5374000072479248,
            2.156899929046631
        ],
        [
            1.2246999740600586,
            1.496899962425232,
            2.0383999347686768
        ],
        [
            1.17330002784729,
            1.4467999935150146,
            2.0272998809814453
        ],
        [
            0.9519000053405762,
            1.1705000400543213,
            1.6101000308990479
        ],
        [
            0.9120000004768372,
            1.1154999732971191,
            1.5096999406814575
        ],
        [
            0.7915999889373779,
            0.9648000001907349,
            1.2654000520706177
        ],
        [
            0.8521000146865845,
            1.035099983215332,
            1.3595999479293823
        ],
        [
            0.9685999751091003,
            1.1826000213623047,
            1.5720000267028809
        ],
        [
            0.8532000184059143,
            1.044800043106079,
            1.4248000383377075
        ],
        [
            0.9656000137329102,
            1.1850999593734741,
            1.5996999740600586
        ],
        [
            0.8985999822616577,
            1.100100040435791,
            1.4711999893188477
        ],
        [
            0.8327000141143799,
            1.0159000158309937,
            1.3499000072479248
        ],
        [
            0.741599977016449,
            0.9049999713897705,
            1.2015000581741333
        ],
        [
            0.6879000067710876,
            0.8360999822616577,
            1.1029000282287598
        ],
        [
            0.7756999731063843,
            0.9426000118255615,
            1.2297999858856201
        ],
        [
            0.8223000168800354,
            1.0023000240325928,
            1.325700044631958
        ],
        [
            0.8525000214576721,
            1.0363999605178833,
            1.361199975013733
        ],
        [
            0.7006999850273132,
            0.8610000014305115,
            1.1406999826431274
        ],
        [
            0.6615999937057495,
            0.8019000291824341,
            1.0563000440597534
        ],
        [
            0.6111999750137329,
            0.7379000186920166,
            0.9679999947547913
        ],
        [
            0.4814000129699707,
            0.5835000276565552,
            0.7605000138282776
        ],
        [
            0.5063999891281128,
            0.6126000285148621,
            0.7997999787330627
        ],
        [
            0.4706999957561493,
            0.5688999891281128,
            0.7368000149726868
        ],
        [
            0.5040000081062317,
            0.6122999787330627,
            0.8087000250816345
        ],
        [
            0.6087999939918518,
            0.7358999848365784,
            0.9545999765396118
        ],
        [
            0.5957000255584717,
            0.7218999862670898,
            0.9283000230789185
        ],
        [
            0.5313000082969666,
            0.6432999968528748,
            0.8330000042915344
        ],
        [
            0.5113999843597412,
            0.6193000078201294,
            0.8073999881744385
        ],
        [
            0.47699999809265137,
            0.5791000127792358,
            0.7498000264167786
        ],
        [
            0.6722999811172485,
            0.8190000057220459,
            1.0755000114440918
        ],
        [
            0.7574999928474426,
            0.932200014591217,
            1.267899990081787
        ],
        [
            0.8626999855041504,
            1.065500020980835,
            1.4781999588012695
        ],
        [
            0.9136999845504761,
            1.128000020980835,
            1.583400011062622
        ],
        [
            0.9215999841690063,
            1.149899959564209,
            1.635599970817566
        ],
        [
            0.8345000147819519,
            1.0321999788284302,
            1.4464000463485718
        ],
        [
            0.7488999962806702,
            0.9230999946594238,
            1.2163000106811523
        ],
        [
            0.6427000164985657,
            0.7878999710083008,
            1.0505000352859497
        ],
        [
            0.6500999927520752,
            0.7942000031471252,
            1.04830002784729
        ],
        [
            0.7436000108718872,
            0.9139999747276306,
            1.2348999977111816
        ],
        [
            0.8047999739646912,
            0.9950000047683716,
            1.3690999746322632
        ],
        [
            0.8432000279426575,
            1.0374000072479248,
            1.4247000217437744
        ],
        [
            0.7398999929428101,
            0.9150000214576721,
            1.243299961090088
        ],
        [
            0.6650000214576721,
            0.8184000253677368,
            1.1057000160217285
        ],
        [
            0.6388000249862671,
            0.7870000004768372,
            1.079300045967102
        ],
        [
            0.5310999751091003,
            0.6514999866485596,
            0.8702999949455261
        ],
        [
            0.5274999737739563,
            0.6428999900817871,
            0.8464999794960022
        ],
        [
            0.6292999982833862,
            0.7731999754905701,
            1.0257999897003174
        ],
        [
            0.6463000178337097,
            0.7906000018119812,
            1.0498000383377075
        ],
        [
            0.6811000108718872,
            0.8432999849319458,
            1.1710000038146973
        ],
        [
            0.6603000164031982,
            0.810699999332428,
            1.1090999841690063
        ],
        [
            0.635200023651123,
            0.7793999910354614,
            1.0498000383377075
        ],
        [
            0.5464000105857849,
            0.6660000085830688,
            0.9132999777793884
        ],
        [
            0.5198000073432922,
            0.6358000040054321,
            0.8486999869346619
        ],
        [
            0.428600013256073,
            0.5218999981880188,
            0.6958000063896179
        ],
        [
            0.47380000352859497,
            0.5741999745368958,
            0.761900007724762
        ],
        [
            0.51910001039505,
            0.6383000016212463,
            0.8598999977111816
        ],
        [
            0.5375999808311462,
            0.6578999757766724,
            0.8822000026702881
        ],
        [
            0.529699981212616,
            0.6507999897003174,
            0.8845999836921692
        ],
        [
            0.5151000022888184,
            0.6287999749183655,
            0.8457000255584717
        ],
        [
            0.47350001335144043,
            0.5805000066757202,
            0.7770000100135803
        ],
        [
            0.41780000925064087,
            0.510699987411499,
            0.6855000257492065
        ],
        [
            0.3711000084877014,
            0.450300008058548,
            0.5755000114440918
        ],
        [
            0.41179999709129333,
            0.5016999840736389,
            0.6553999781608582
        ],
        [
            0.4438000023365021,
            0.5371999740600586,
            0.708899974822998
        ],
        [
            0.43970000743865967,
            0.5336999893188477,
            0.7027000188827515
        ],
        [
            0.42489999532699585,
            0.5180000066757202,
            0.6797999739646912
        ],
        [
            0.4120999872684479,
            0.5019000172615051,
            0.6545000076293945
        ],
        [
            0.38029998540878296,
            0.46470001339912415,
            0.6103000044822693
        ],
        [
            0.3230000138282776,
            0.39070001244544983,
            0.5102999806404114
        ],
        [
            0.2922999858856201,
            0.35440000891685486,
            0.45329999923706055
        ],
        [
            0.3278999924659729,
            0.3977000117301941,
            0.5113999843597412
        ],
        [
            0.35179999470710754,
            0.4284999966621399,
            0.5547999739646912
        ],
        [
            0.3799000084400177,
            0.4629000127315521,
            0.6055999994277954
        ],
        [
            0.34200000762939453,
            0.4172999858856201,
            0.541100025177002
        ],
        [
            0.3375999927520752,
            0.4099999964237213,
            0.5404000282287598
        ],
        [
            0.3167000114917755,
            0.38420000672340393,
            0.5005000233650208
        ],
        [
            0.2890999913215637,
            0.34689998626708984,
            0.4562000036239624
        ]
    ]
}